#Individual movement created by Ted's bridge world
#3 tables, 13 rounds, 13 player movement
#Number of deals in round is arbitrary

!TABLE1
4 9 12 11 1
5 10 13 12 2
6 11 1 13 3
7 12 2 1 4
8 13 3 2 5
9 1 4 3 6
10 2 5 4 7
11 3 6 5 8
12 4 7 6 9
13 5 8 7 10
1 6 9 8 11
2 7 10 9 12
3 8 11 10 13

!TABLE2
5 7 10 6 5
6 8 11 7 6
7 9 12 8 7
8 10 13 9 8
9 11 1 10 9
10 12 2 11 10
11 13 3 12 11
12 1 4 13 12
13 2 5 1 13
1 3 6 2 1
2 4 7 3 2
3 5 8 4 3
4 6 9 5 4

!TABLE3
8 2 13 3 9
9 3 1 4 10
10 4 2 5 11
11 5 3 6 12
12 6 4 7 13
13 7 5 8 1
1 8 6 9 2
2 9 7 10 3
3 10 8 11 4
4 11 9 12 5
5 12 10 13 6
6 13 11 1 7
7 1 12 2 8


