#Individual movement created by Ted's bridge world
#4 tables, 12 rounds, 16 player movement
#Number of deals in round is arbitrary

!TABLE1
16 1 2 7 1
16 2 3 8 2
16 3 4 9 3
16 4 5 10 4
16 5 6 11 5
16 6 7 12 6
16 7 8 1 7
16 8 9 2 8
16 9 10 3 9
16 10 11 4 10
16 11 12 5 11
16 12 1 6 12

!TABLE2
15 6 9 11 2
15 7 10 12 3
15 8 11 1 4
15 9 12 2 5
15 10 1 3 6
15 11 2 4 7
15 12 3 5 8
15 1 4 6 9
15 2 5 7 10
15 3 6 8 11
15 4 7 9 12
15 5 8 10 1

!TABLE3
14 8 4 5 6
14 9 5 6 7
14 10 6 7 8
14 11 7 8 9
14 12 8 9 10
14 1 9 10 11
14 2 10 11 12
14 3 11 12 1
14 4 12 1 2
14 5 1 2 3
14 6 2 3 4
14 7 3 4 5

!TABLE4
13 10 12 3 7
13 11 1 4 8
13 12 2 5 9
13 1 3 6 10
13 2 4 7 11
13 3 5 8 12
13 4 6 9 1
13 5 7 10 2
13 6 8 11 3
13 7 9 12 4
13 8 10 1 5
13 9 11 2 6